confirmed_lambda2: 1
lambda2_auto_pick: 0.1
lambda1_from_gaminet: 0.01538192357332647
reason: ''
confirmed_at: '2026-06-29T19:44:11.237764+00:00'
