confirmed_lambda2: 1
lambda2_auto_pick: 0.1
lambda1_from_gaminet: 0.0007908513871818175
reason: ''
confirmed_at: '2026-06-29T19:44:11.349441+00:00'
