confirmed_lambda2: 1
lambda2_auto_pick: 0.001
lambda1_from_gaminet: 0.00574058714346197
reason: ''
confirmed_at: '2026-06-29T19:44:11.377543+00:00'
