confirmed_lambda2: 1
lambda2_auto_pick: 0.1
lambda1_from_gaminet: 0.012728396447268857
reason: ''
confirmed_at: '2026-06-29T19:44:11.309686+00:00'
