confirmed_lambda2: 0.1
lambda2_auto_pick: 0.001
lambda1_from_gaminet: 0.0019996089017244576
reason: ''
confirmed_at: '2026-06-29T19:44:11.271813+00:00'
